image: lab_map.png
resolution: 0.05
origin: [-7.525000190734863, -6.574999904632568, 0.0000]
negate: 0
occupied_thresh: 0.65
free_thresh: 0.196
